$ANSIBLE_VAULT;1.1;AES256
65396362643837326361353138306233633166626436623337623662366665326434633563663866
6437336435623839386265623038303561356334326230660a366233323232636465663237373131
31313635656131373666623866616530633236336364383037363134326666356435376337316536
3163326335396533660a646262386631316137396435303163373130356262663966396634633363
30616536353539333261326433353461626239323138323366613332303438383532653965643263
63623533613962333361313337306465376537333962356437653765363831313933326563316161
38316561373563636336333133316632646637653230626436643235393862363733633235363336
61356435666462633163626362663435323837373133373735643031313737666162653630633936
31393462653738383965353032653962643538613830663734633738646565356165633766303964
35663935356435346234306539313461306433323164333865326636636234346133376230666365
32666635383835646536666530306561333831383661623466373933386436636166613962353031
32363939663966616466623534373436356163613337643032366234353331393933316463633936
6232
